Nombre de generation:300
Nombre d'essais par individu:10
Nombre d'individu:20
0	8503	0.255	0.224	0.093	0.108	0.122	0.198	
1	9781	0.142	0.186	0.211	0.058	0.188	0.215	
2	9366	0.272	0.308	0.105	0.042	0.050	0.224	
3	8192	0.117	0.239	0.101	0.019	0.364	0.161	
4	9381	0.142	0.186	0.211	0.058	0.188	0.215	
5	9202	0.272	0.308	0.105	0.042	0.050	0.224	
6	10146	0.272	0.308	0.105	0.042	0.050	0.224	
7	8612	0.085	0.162	0.163	0.077	0.058	0.455	
8	8662	0.129	0.237	0.030	0.131	0.345	0.128	
9	9141	0.255	0.224	0.093	0.108	0.122	0.198	
10	9799	0.417	0.112	0.287	0.011	0.018	0.156	
11	10306	0.417	0.112	0.287	0.011	0.018	0.156	
12	9336	0.417	0.112	0.287	0.011	0.018	0.156	
13	9827	0.272	0.308	0.105	0.042	0.050	0.224	
14	10206	0.417	0.112	0.287	0.011	0.018	0.156	
15	9485	0.417	0.112	0.287	0.011	0.018	0.156	
16	9105	0.272	0.308	0.105	0.042	0.050	0.224	
17	9883	0.417	0.112	0.287	0.011	0.018	0.156	
18	9230	0.417	0.112	0.287	0.011	0.018	0.156	
19	9853	0.272	0.308	0.105	0.042	0.050	0.224	
20	8698	0.129	0.237	0.030	0.131	0.345	0.128	
21	8537	0.417	0.112	0.287	0.011	0.018	0.156	
22	9531	0.085	0.162	0.163	0.077	0.058	0.455	
23	9034	0.142	0.186	0.211	0.058	0.188	0.215	
24	9199	0.085	0.162	0.163	0.077	0.058	0.455	
25	8772	0.030	0.284	0.103	0.124	0.277	0.181	
26	9918	0.117	0.239	0.101	0.019	0.364	0.161	
27	8583	0.417	0.112	0.287	0.011	0.018	0.156	
28	8223	0.030	0.284	0.103	0.124	0.277	0.181	
29	10994	0.009	0.193	0.270	0.071	0.125	0.331	
30	9211	0.117	0.239	0.101	0.019	0.364	0.161	
31	9410	0.117	0.239	0.101	0.019	0.364	0.161	
32	10872	0.417	0.112	0.287	0.011	0.018	0.156	
33	9015	0.272	0.308	0.105	0.042	0.050	0.224	
34	9511	0.417	0.112	0.287	0.011	0.018	0.156	
35	9226	0.117	0.239	0.101	0.019	0.364	0.161	
36	9041	0.272	0.308	0.105	0.042	0.050	0.224	
37	10742	0.030	0.284	0.103	0.124	0.277	0.181	
38	10249	0.417	0.112	0.287	0.011	0.018	0.156	
39	9610	0.117	0.239	0.101	0.019	0.364	0.161	
40	11828	0.417	0.112	0.287	0.011	0.018	0.156	
41	9847	0.128	0.137	0.258	0.033	0.225	0.218	
42	8472	0.064	0.277	0.301	0.116	0.183	0.058	
43	8519	0.084	0.257	0.064	0.136	0.197	0.261	
44	9755	0.272	0.308	0.105	0.042	0.050	0.224	
45	9980	0.117	0.239	0.101	0.019	0.364	0.161	
46	9789	0.128	0.137	0.258	0.033	0.225	0.218	
47	9393	0.142	0.186	0.211	0.058	0.188	0.215	
48	9507	0.272	0.308	0.105	0.042	0.050	0.224	
49	9557	0.128	0.137	0.258	0.033	0.225	0.218	
50	9679	0.142	0.186	0.211	0.058	0.188	0.215	
51	9080	0.272	0.308	0.105	0.042	0.050	0.224	
52	10753	0.084	0.257	0.064	0.136	0.197	0.261	
53	9085	0.252	0.196	0.012	0.009	0.185	0.346	
54	9292	0.252	0.196	0.012	0.009	0.185	0.346	
55	8892	0.252	0.196	0.012	0.009	0.185	0.346	
56	8717	0.246	0.176	0.298	0.019	0.223	0.038	
57	9872	0.252	0.196	0.012	0.009	0.185	0.346	
58	9200	0.252	0.196	0.012	0.009	0.185	0.346	
59	8559	0.117	0.239	0.101	0.019	0.364	0.161	
60	9506	0.272	0.308	0.105	0.042	0.050	0.224	
61	10493	0.329	0.304	0.258	0.042	0.018	0.049	
62	11210	0.085	0.162	0.163	0.077	0.058	0.455	
63	9546	0.246	0.176	0.298	0.019	0.223	0.038	
64	9695	0.117	0.239	0.101	0.019	0.364	0.161	
65	9573	0.272	0.308	0.105	0.042	0.050	0.224	
66	10170	0.117	0.239	0.101	0.019	0.364	0.161	
67	9943	0.252	0.196	0.012	0.009	0.185	0.346	
68	10004	0.117	0.239	0.101	0.019	0.364	0.161	
69	8826	0.417	0.112	0.287	0.011	0.018	0.156	
70	9692	0.243	0.269	0.108	0.073	0.110	0.198	
71	9731	0.073	0.252	0.235	0.027	0.202	0.211	
72	9129	0.243	0.269	0.108	0.073	0.110	0.198	
73	11130	0.243	0.269	0.108	0.073	0.110	0.198	
74	9519	0.247	0.307	0.055	0.050	0.057	0.284	
75	9822	0.073	0.252	0.235	0.027	0.202	0.211	
76	11297	0.417	0.112	0.287	0.011	0.018	0.156	
77	9578	0.243	0.269	0.108	0.073	0.110	0.198	
78	9827	0.117	0.239	0.101	0.019	0.364	0.161	
79	10445	0.271	0.104	0.147	0.010	0.275	0.193	
80	9649	0.417	0.112	0.287	0.011	0.018	0.156	
81	10200	0.243	0.269	0.108	0.073	0.110	0.198	
82	9229	0.271	0.104	0.147	0.010	0.275	0.193	
83	11203	0.117	0.239	0.101	0.019	0.364	0.161	
84	8846	0.073	0.252	0.235	0.027	0.202	0.211	
85	9693	0.243	0.269	0.108	0.073	0.110	0.198	
86	12421	0.048	0.285	0.266	0.022	0.052	0.326	
87	9293	0.073	0.252	0.235	0.027	0.202	0.211	
88	10555	0.252	0.196	0.012	0.009	0.185	0.346	
89	9891	0.073	0.252	0.235	0.027	0.202	0.211	
90	9910	0.117	0.239	0.101	0.019	0.364	0.161	
91	9608	0.079	0.209	0.271	0.004	0.150	0.288	
92	10117	0.079	0.209	0.271	0.004	0.150	0.288	
93	10456	0.272	0.308	0.105	0.042	0.050	0.224	
94	9845	0.048	0.285	0.266	0.022	0.052	0.326	
95	9976	0.247	0.307	0.055	0.050	0.057	0.284	
96	10695	0.128	0.137	0.258	0.033	0.225	0.218	
97	9717	0.252	0.196	0.012	0.009	0.185	0.346	
98	10095	0.117	0.239	0.101	0.019	0.364	0.161	
99	10024	0.143	0.164	0.192	0.013	0.245	0.242	
100	9538	0.198	0.319	0.177	0.122	0.165	0.020	
101	9512	0.252	0.196	0.012	0.009	0.185	0.346	
102	10208	0.417	0.112	0.287	0.011	0.018	0.156	
103	10874	0.073	0.252	0.235	0.027	0.202	0.211	
104	11760	0.243	0.269	0.108	0.073	0.110	0.198	
105	9587	0.417	0.112	0.287	0.011	0.018	0.156	
106	10414	0.048	0.285	0.266	0.022	0.052	0.326	
107	10284	0.117	0.239	0.101	0.019	0.364	0.161	
108	11287	0.247	0.307	0.055	0.050	0.057	0.284	
109	9434	0.271	0.104	0.147	0.010	0.275	0.193	
110	10814	0.073	0.252	0.235	0.027	0.202	0.211	
111	9838	0.272	0.308	0.105	0.042	0.050	0.224	
112	9539	0.198	0.319	0.177	0.122	0.165	0.020	
113	11419	0.247	0.307	0.055	0.050	0.057	0.284	
114	9647	0.198	0.319	0.177	0.122	0.165	0.020	
115	9771	0.048	0.285	0.266	0.022	0.052	0.326	
116	10037	0.079	0.209	0.271	0.004	0.150	0.288	
117	10446	0.117	0.239	0.101	0.019	0.364	0.161	
118	10412	0.417	0.112	0.287	0.011	0.018	0.156	
119	10552	0.252	0.196	0.012	0.009	0.185	0.346	
120	10330	0.417	0.112	0.287	0.011	0.018	0.156	
121	8450	0.079	0.209	0.271	0.004	0.150	0.288	
122	9192	0.191	0.202	0.250	0.082	0.155	0.120	
123	9984	0.088	0.228	0.183	0.136	0.303	0.061	
124	8632	0.260	0.247	0.262	0.100	0.079	0.052	
125	10001	0.048	0.285	0.266	0.022	0.052	0.326	
126	9358	0.149	0.181	0.164	0.058	0.228	0.219	
127	10787	0.079	0.209	0.271	0.004	0.150	0.288	
128	9526	0.272	0.308	0.105	0.042	0.050	0.224	
129	10964	0.417	0.112	0.287	0.011	0.018	0.156	
130	10145	0.188	0.210	0.174	0.111	0.194	0.123	
131	10247	0.097	0.146	0.334	0.014	0.051	0.358	
132	13685	0.272	0.308	0.105	0.042	0.050	0.224	
133	9485	0.272	0.308	0.105	0.042	0.050	0.224	
134	9600	0.252	0.196	0.012	0.009	0.185	0.346	
135	10835	0.247	0.307	0.055	0.050	0.057	0.284	
136	10625	0.079	0.209	0.271	0.004	0.150	0.288	
137	9493	0.347	0.292	0.197	0.081	0.050	0.032	
138	10364	0.247	0.307	0.055	0.050	0.057	0.284	
139	11166	0.272	0.308	0.105	0.042	0.050	0.224	
140	10549	0.252	0.196	0.012	0.009	0.185	0.346	
141	9029	0.252	0.196	0.012	0.009	0.185	0.346	
142	9488	0.088	0.228	0.183	0.136	0.303	0.061	
143	9756	0.097	0.146	0.334	0.014	0.051	0.358	
144	11140	0.079	0.209	0.271	0.004	0.150	0.288	
145	10312	0.272	0.308	0.105	0.042	0.050	0.224	
146	10187	0.252	0.196	0.012	0.009	0.185	0.346	
147	10732	0.079	0.209	0.271	0.004	0.150	0.288	
148	10298	0.252	0.196	0.012	0.009	0.185	0.346	
149	10709	0.417	0.112	0.287	0.011	0.018	0.156	
150	9264	0.417	0.112	0.287	0.011	0.018	0.156	
151	9878	0.085	0.095	0.260	0.040	0.218	0.302	
152	8665	0.048	0.285	0.266	0.022	0.052	0.326	
153	10375	0.097	0.146	0.334	0.014	0.051	0.358	
154	9893	0.048	0.285	0.266	0.022	0.052	0.326	
155	8445	0.271	0.104	0.147	0.010	0.275	0.193	
156	8918	0.085	0.095	0.260	0.040	0.218	0.302	
157	11407	0.097	0.146	0.334	0.014	0.051	0.358	
158	10609	0.097	0.146	0.334	0.014	0.051	0.358	
159	10720	0.027	0.304	0.185	0.119	0.298	0.067	
160	10414	0.272	0.308	0.105	0.042	0.050	0.224	
161	9130	0.048	0.285	0.266	0.022	0.052	0.326	
162	10639	0.417	0.112	0.287	0.011	0.018	0.156	
163	9644	0.048	0.285	0.266	0.022	0.052	0.326	
164	11609	0.134	0.222	0.097	0.001	0.375	0.172	
165	9780	0.252	0.196	0.012	0.009	0.185	0.346	
166	9655	0.048	0.285	0.266	0.022	0.052	0.326	
167	9409	0.279	0.138	0.012	0.026	0.214	0.332	
168	10478	0.117	0.239	0.101	0.019	0.364	0.161	
169	11078	0.272	0.308	0.105	0.042	0.050	0.224	
170	9408	0.134	0.222	0.097	0.001	0.375	0.172	
171	10284	0.097	0.146	0.334	0.014	0.051	0.358	
172	9054	0.252	0.196	0.012	0.009	0.185	0.346	
173	10011	0.036	0.249	0.263	0.025	0.171	0.255	
174	9583	0.272	0.308	0.105	0.042	0.050	0.224	
175	10458	0.252	0.196	0.012	0.009	0.185	0.346	
176	8943	0.271	0.104	0.147	0.010	0.275	0.193	
177	10000	0.048	0.285	0.266	0.022	0.052	0.326	
178	11238	0.272	0.308	0.105	0.042	0.050	0.224	
179	10654	0.097	0.146	0.334	0.014	0.051	0.358	
180	12761	0.048	0.285	0.266	0.022	0.052	0.326	
181	10066	0.348	0.255	0.035	0.011	0.113	0.238	
182	10340	0.259	0.142	0.545	0.016	0.027	0.011	
183	11291	0.259	0.142	0.545	0.016	0.027	0.011	
184	10108	0.417	0.112	0.287	0.011	0.018	0.156	
185	10266	0.070	0.384	0.132	0.155	0.258	0.001	
186	9047	0.036	0.249	0.263	0.025	0.171	0.255	
187	10399	0.259	0.142	0.545	0.016	0.027	0.011	
188	11856	0.048	0.285	0.266	0.022	0.052	0.326	
189	10488	0.048	0.285	0.266	0.022	0.052	0.326	
190	9197	0.088	0.228	0.183	0.136	0.303	0.061	
191	9957	0.259	0.142	0.545	0.016	0.027	0.011	
192	9335	0.048	0.285	0.266	0.022	0.052	0.326	
193	10177	0.272	0.308	0.105	0.042	0.050	0.224	
194	10489	0.191	0.202	0.250	0.082	0.155	0.120	
195	10691	0.252	0.196	0.012	0.009	0.185	0.346	
196	10582	0.048	0.285	0.266	0.022	0.052	0.326	
197	9140	0.271	0.104	0.147	0.010	0.275	0.193	
198	11431	0.272	0.308	0.105	0.042	0.050	0.224	
199	10188	0.348	0.255	0.035	0.011	0.113	0.238	
200	10055	0.048	0.285	0.266	0.022	0.052	0.326	
201	10677	0.097	0.146	0.334	0.014	0.051	0.358	
202	12500	0.252	0.196	0.012	0.009	0.185	0.346	
203	9654	0.252	0.196	0.012	0.009	0.185	0.346	
204	10545	0.020	0.158	0.211	0.023	0.332	0.256	
205	11282	0.348	0.255	0.035	0.011	0.113	0.238	
206	10488	0.252	0.196	0.012	0.009	0.185	0.346	
207	11796	0.097	0.146	0.334	0.014	0.051	0.358	
208	12294	0.272	0.308	0.105	0.042	0.050	0.224	
209	9716	0.417	0.112	0.287	0.011	0.018	0.156	
210	12157	0.231	0.116	0.192	0.018	0.222	0.222	
211	11434	0.097	0.146	0.334	0.014	0.051	0.358	
212	12304	0.097	0.146	0.334	0.014	0.051	0.358	
213	9472	0.048	0.285	0.266	0.022	0.052	0.326	
214	10909	0.097	0.146	0.334	0.014	0.051	0.358	
215	10589	0.348	0.255	0.035	0.011	0.113	0.238	
216	10392	0.048	0.285	0.266	0.022	0.052	0.326	
217	9258	0.237	0.259	0.041	0.059	0.186	0.218	
218	10759	0.348	0.255	0.035	0.011	0.113	0.238	
219	11431	0.348	0.255	0.035	0.011	0.113	0.238	
220	9358	0.260	0.159	0.172	0.023	0.155	0.230	
221	10618	0.417	0.112	0.287	0.011	0.018	0.156	
222	10658	0.097	0.146	0.334	0.014	0.051	0.358	
223	10746	0.417	0.112	0.287	0.011	0.018	0.156	
224	10080	0.036	0.249	0.263	0.025	0.171	0.255	
225	9483	0.252	0.196	0.012	0.009	0.185	0.346	
226	9960	0.036	0.249	0.263	0.025	0.171	0.255	
227	12297	0.119	0.492	0.077	0.076	0.172	0.065	
228	9366	0.260	0.159	0.172	0.023	0.155	0.230	
229	11587	0.036	0.249	0.263	0.025	0.171	0.255	
230	10319	0.417	0.112	0.287	0.011	0.018	0.156	
231	10166	0.027	0.304	0.185	0.119	0.298	0.067	
232	9106	0.119	0.492	0.077	0.076	0.172	0.065	
233	9676	0.231	0.116	0.192	0.018	0.222	0.222	
234	10582	0.231	0.116	0.192	0.018	0.222	0.222	
235	11854	0.237	0.259	0.041	0.059	0.186	0.218	
236	9712	0.097	0.146	0.334	0.014	0.051	0.358	
237	12318	0.094	0.351	0.281	0.020	0.137	0.117	
238	11566	0.260	0.159	0.172	0.023	0.155	0.230	
239	10094	0.036	0.249	0.263	0.025	0.171	0.255	
240	11716	0.094	0.351	0.281	0.020	0.137	0.117	
241	10419	0.036	0.249	0.263	0.025	0.171	0.255	
242	10508	0.094	0.351	0.281	0.020	0.137	0.117	
243	9589	0.094	0.351	0.281	0.020	0.137	0.117	
244	9776	0.237	0.259	0.041	0.059	0.186	0.218	
245	9157	0.097	0.146	0.334	0.014	0.051	0.358	
246	11049	0.036	0.249	0.263	0.025	0.171	0.255	
247	10723	0.036	0.249	0.263	0.025	0.171	0.255	
248	10975	0.237	0.259	0.041	0.059	0.186	0.218	
249	11052	0.048	0.285	0.266	0.022	0.052	0.326	
250	10308	0.272	0.308	0.105	0.042	0.050	0.224	
251	8727	0.417	0.112	0.287	0.011	0.018	0.156	
252	10772	0.272	0.308	0.105	0.042	0.050	0.224	
253	10326	0.119	0.492	0.077	0.076	0.172	0.065	
254	11554	0.094	0.351	0.281	0.020	0.137	0.117	
255	10224	0.097	0.146	0.334	0.014	0.051	0.358	
256	11338	0.237	0.259	0.041	0.059	0.186	0.218	
257	11373	0.272	0.308	0.105	0.042	0.050	0.224	
258	11319	0.097	0.146	0.334	0.014	0.051	0.358	
259	11997	0.036	0.249	0.263	0.025	0.171	0.255	
260	9771	0.088	0.316	0.178	0.047	0.185	0.187	
261	13575	0.119	0.492	0.077	0.076	0.172	0.065	
262	8837	0.231	0.116	0.192	0.018	0.222	0.222	
263	9694	0.094	0.314	0.202	0.041	0.263	0.086	
264	12588	0.260	0.159	0.172	0.023	0.155	0.230	
265	10756	0.417	0.112	0.287	0.011	0.018	0.156	
266	11741	0.097	0.146	0.334	0.014	0.051	0.358	
267	10161	0.260	0.159	0.172	0.023	0.155	0.230	
268	11061	0.094	0.314	0.202	0.041	0.263	0.086	
269	9480	0.036	0.249	0.263	0.025	0.171	0.255	
270	12244	0.272	0.308	0.105	0.042	0.050	0.224	
271	10663	0.088	0.316	0.178	0.047	0.185	0.187	
272	10177	0.260	0.159	0.172	0.023	0.155	0.230	
273	10888	0.094	0.351	0.281	0.020	0.137	0.117	
274	9994	0.225	0.265	0.189	0.082	0.213	0.026	
275	11711	0.272	0.308	0.105	0.042	0.050	0.224	
276	10775	0.036	0.249	0.263	0.025	0.171	0.255	
277	10513	0.254	0.332	0.052	0.019	0.066	0.276	
278	9827	0.094	0.351	0.281	0.020	0.137	0.117	
279	11080	0.036	0.249	0.263	0.025	0.171	0.255	
280	11666	0.094	0.351	0.281	0.020	0.137	0.117	
281	10973	0.036	0.249	0.263	0.025	0.171	0.255	
282	13160	0.097	0.146	0.334	0.014	0.051	0.358	
283	9994	0.134	0.298	0.054	0.066	0.267	0.181	
284	11198	0.097	0.146	0.334	0.014	0.051	0.358	
285	10218	0.119	0.492	0.077	0.076	0.172	0.065	
286	11249	0.098	0.361	0.058	0.045	0.173	0.265	
287	10528	0.134	0.298	0.054	0.066	0.267	0.181	
288	11218	0.094	0.351	0.281	0.020	0.137	0.117	
289	10231	0.260	0.159	0.172	0.023	0.155	0.230	
290	11144	0.094	0.351	0.281	0.020	0.137	0.117	
291	9458	0.134	0.298	0.054	0.066	0.267	0.181	
292	11507	0.254	0.332	0.052	0.019	0.066	0.276	
293	10508	0.225	0.265	0.189	0.082	0.213	0.026	
294	10319	0.094	0.314	0.202	0.041	0.263	0.086	
295	10582	0.094	0.351	0.281	0.020	0.137	0.117	
296	11098	0.254	0.332	0.052	0.019	0.066	0.276	
297	11490	0.094	0.351	0.281	0.020	0.137	0.117	
298	11130	0.134	0.298	0.054	0.066	0.267	0.181	
299	13308	0.260	0.159	0.172	0.023	0.155	0.230	
